0 0.017361111111111112 0.5783991228070176 0.11970029239766082 0.0027412280701754384 0.10599415204678363 0.0013706140350877192 0.003654970760233918 0.5688048245614035 0.017361111111111112 0.5783991228070176
0 0.0402046783625731 0.5688048245614035 0.05299707602339181 0.4947916666666667 0.0951937134502924 0.24533991228070176 0.14437134502923976 0 0.13249269005847952 0.0013706140350877192 0.029239766081871343 0.5633223684210527 0.0402046783625731 0.5688048245614035
0 0.15807748538011696 0.01918859649122807 0.14985380116959066 0.02055921052631579 0.046600877192982455 0.5921052631578947 0.062134502923976605 0.5948464912280702 0.15807748538011696 0.01918859649122807
0 0.18183479532163743 0 0.07401315789473684 0.5729166666666666 0.08223684210526316 0.5729166666666666 0.19371345029239767 0 0.18183479532163743 0
0 0.20376461988304093 0 0.09594298245614036 0.590734649122807 0.1032529239766082 0.5962171052631579 0.2138157894736842 0 0.20376461988304093 0
0 0.22660818713450293 0 0.11878654970760234 0.5866228070175439 0.12701023391812866 0.5866228070175439 0.23483187134502925 0 0.22660818713450293 0
0 0.25493421052631576 0.0013706140350877192 0.24671052631578946 0.0013706140350877192 0.13523391812865498 0.6030701754385965 0.14163011695906433 0.6030701754385965 0.25493421052631576 0.0013706140350877192
0 0.27869152046783624 0.0027412280701754384 0.26864035087719296 0.0013706140350877192 0.1516812865497076 0.6537828947368421 0.1608187134502924 0.6510416666666666 0.27869152046783624 0.0027412280701754384
0 0.30153508771929827 0.0013706140350877192 0.2905701754385965 0 0.17635233918128654 0.6551535087719298 0.1827485380116959 0.6565241228070176 0.30153508771929827 0.0013706140350877192
0 0.3198099415204678 0.004111842105263158 0.3134137426900585 0.0027412280701754384 0.19462719298245615 0.6674890350877193 0.20193713450292397 0.6661184210526315 0.3198099415204678 0.004111842105263158
0 0.34173976608187134 0.0013706140350877192 0.33168859649122806 0 0.2138157894736842 0.6757127192982456 0.22021198830409358 0.6798245614035088 0.34173976608187134 0.0013706140350877192
0 0.3527046783625731 0 0.24305555555555555 0.6332236842105263 0.2540204678362573 0.6373355263157895 0.36366959064327486 0 0.3527046783625731 0
0 0.3855994152046784 0.0013706140350877192 0.379203216374269 0 0.26224415204678364 0.6455592105263158 0.26864035087719296 0.6469298245614035 0.3855994152046784 0.0013706140350877192
0 0.3965643274853801 0 0.28326023391812866 0.6578947368421053 0.2905701754385965 0.6551535087719298 0.4057017543859649 0 0.3965643274853801 0
0 0.4239766081871345 0.0027412280701754384 0.4194078947368421 0 0.30062134502923976 0.6661184210526315 0.3079312865497076 0.668859649122807 0.4239766081871345 0.0027412280701754384
0 0.4367690058479532 0 0.31432748538011696 0.7127192982456141 0.3216374269005848 0.7154605263157895 0.44590643274853803 0 0.4367690058479532 0
0 0.4650950292397661 0.0027412280701754384 0.4586988304093567 0.0027412280701754384 0.3344298245614035 0.7264254385964912 0.34539473684210525 0.7305372807017544 0.4650950292397661 0.0027412280701754384
0 0.48428362573099415 0.005482456140350877 0.4733187134502924 0.009594298245614035 0.35910087719298245 0.7099780701754386 0.36641081871345027 0.7099780701754386 0.48428362573099415 0.005482456140350877
0 0.5052997076023392 0.004111842105263158 0.49890350877192985 0.0013706140350877192 0.3718932748538012 0.7428728070175439 0.38103070175438597 0.7442434210526315 0.5052997076023392 0.004111842105263158
0 0.5144371345029239 0 0.40478801169590645 0.6825657894736842 0.41118421052631576 0.6811951754385965 0.5263157894736842 0 0.5144371345029239 0
0 0.5455043859649122 0.004111842105263158 0.5372807017543859 0.004111842105263158 0.4194078947368421 0.6990131578947368 0.42671783625730997 0.7003837719298246 0.5455043859649122 0.004111842105263158
0 0.5519005847953217 0 0.43585526315789475 0.7072368421052632 0.447733918128655 0.7099780701754386 0.5637792397660819 0 0.5519005847953217 0
0 0.5820540935672515 0.010964912280701754 0.5729166666666666 0.008223684210526315 0.4550438596491228 0.7182017543859649 0.4650950292397661 0.7209429824561403 0.5820540935672515 0.010964912280701754
0 0.6058114035087719 0.0027412280701754384 0.5948464912280702 0.0013706140350877192 0.46235380116959063 0.7620614035087719 0.4788011695906433 0.7675438596491229 0.6058114035087719 0.0027412280701754384
0 0.625 0.0013706140350877192 0.6158625730994152 0.0013706140350877192 0.48793859649122806 0.7606907894736842 0.49890350877192985 0.7606907894736842 0.625 0.0013706140350877192
0 0.6441885964912281 0.0027412280701754384 0.6341374269005848 0.0027412280701754384 0.5080409356725146 0.7675438596491229 0.5171783625730995 0.7702850877192983 0.6441885964912281 0.0027412280701754384
0 0.6642909356725146 0 0.6514985380116959 0.0013706140350877192 0.5217470760233918 0.7771381578947368 0.533625730994152 0.7798793859649122 0.6642909356725146 0
0 0.6706871345029239 0 0.5427631578947368 0.7648026315789473 0.5564692982456141 0.7702850877192983 0.6816520467836257 0 0.6706871345029239 0
0 0.6990131578947368 0.010964912280701754 0.6889619883040936 0.009594298245614035 0.5610380116959064 0.7716557017543859 0.5656067251461988 0.7648026315789473 0.5747441520467836 0.7661732456140351 0.6990131578947368 0.010964912280701754
0 0.7090643274853801 0 0.5847953216374269 0.7689144736842105 0.5921052631578947 0.7702850877192983 0.7191154970760234 0 0.7090643274853801 0
0 0.7300804093567251 0 0.6058114035087719 0.7675438596491229 0.6149488304093568 0.7634320175438597 0.7383040935672515 0 0.7300804093567251 0
0 0.7611476608187134 0.013706140350877192 0.7501827485380117 0.012335526315789474 0.6131213450292398 0.8415570175438597 0.6222587719298246 0.8456688596491229 0.7611476608187134 0.013706140350877192
0 0.7721125730994152 0 0.6332236842105263 0.8442982456140351 0.6441885964912281 0.8470394736842105 0.779422514619883 0 0.7721125730994152 0
0 0.7922149122807017 0.0013706140350877192 0.7858187134502924 0.0013706140350877192 0.6505847953216374 0.8456688596491229 0.6606359649122807 0.8456688596491229 0.7922149122807017 0.0013706140350877192
0 0.8159722222222222 0.0027412280701754384 0.8031798245614035 0.0027412280701754384 0.6642909356725146 0.8689692982456141 0.6761695906432749 0.8730811403508771 0.8159722222222222 0.0027412280701754384
0 0.8360745614035088 0.0013706140350877192 0.8260233918128655 0.0013706140350877192 0.6944444444444444 0.8278508771929824 0.7035818713450293 0.825109649122807 0.8360745614035088 0.0013706140350877192
0 0.8543494152046783 0.0027412280701754384 0.8452119883040936 0 0.716374269005848 0.8209978070175439 0.7236842105263158 0.8209978070175439 0.8543494152046783 0.0027412280701754384
0 0.8717105263157895 0.004111842105263158 0.8616593567251462 0.0013706140350877192 0.7255116959064327 0.8442982456140351 0.7355628654970761 0.8470394736842105 0.8717105263157895 0.004111842105263158
0 0.8908991228070176 0 0.8790204678362573 0.0013706140350877192 0.7437865497076024 0.8525219298245614 0.7520102339181286 0.8525219298245614 0.8908991228070176 0
0 0.9064327485380117 0 0.7602339181286549 0.8881578947368421 0.7702850877192983 0.8895285087719298 0.9155701754385965 0 0.9064327485380117 0
0 0.9301900584795322 0.004111842105263158 0.9192251461988304 0.0027412280701754384 0.7785087719298246 0.8854166666666666 0.7913011695906432 0.8908991228070176 0.9301900584795322 0.004111842105263158
0 0.9384137426900585 0 0.7986111111111112 0.8826754385964912 0.805921052631579 0.8826754385964912 0.9484649122807017 0 0.9384137426900585 0
0 0.962171052631579 0.0027412280701754384 0.9557748538011696 0.0027412280701754384 0.8150584795321637 0.8908991228070176 0.8241959064327485 0.8867872807017544 0.962171052631579 0.0027412280701754384
0 0.9777046783625731 0 0.8369883040935673 0.893640350877193 0.8470394736842105 0.8867872807017544 0.9859283625730995 0 0.9777046783625731 0
0 1 0.0027412280701754384 0.9914108187134503 0.0027412280701754384 0.8506944444444444 0.9196820175438597 0.8607456140350878 0.9224232456140351 1 0.0027412280701754384
0 0.8717105263157895 0.9046052631578947 0.8799342105263158 0.8977521929824561 0.9956473530701755 0.11312197944078947 0.9914108187134503 0.11650219298245613 0.8717105263157895 0.9046052631578947
0 0.9996345029239766 0.23985745614035087 0.9978070175438597 0.20148026315789475 0.8826754385964912 0.9402412280701754 0.889985380116959 0.9416118421052632 0.9996345029239766 0.23985745614035087
0 0.9987207602339181 0.3686951754385965 0.9978070175438597 0.31661184210526316 0.9000365497076024 0.9608004385964912 0.912828947368421 0.9608004385964912 0.9987207602339181 0.3686951754385965
0 0.9236914254385965 0.9369299314692983 0.9329312865497076 0.9265350877192983 0.9978070175438597 0.47834429824561403 0.9978070175438597 0.4413377192982456 0.9236914254385965 0.9369299314692983
0 0.9959795321637427 0.6085526315789473 0.9978070175438597 0.5400219298245614 0.9301900584795322 0.9841008771929824 0.9384137426900585 0.981359649122807 0.9959795321637427 0.6085526315789473
0 0.9987207602339181 0.7072368421052632 0.9978070175438597 0.6647478070175439 0.9502923976608187 0.9772478070175439 0.9594298245614035 0.9772478070175439 0.9987207602339181 0.7072368421052632
0 0.9987207602339181 0.8237390350877193 0.9978070175438597 0.7785087719298246 0.9767909356725146 0.9251644736842105 0.9868421052631579 0.9251644736842105 0.9987207602339181 0.8237390350877193
0 0 0.912828947368421 0.015533625730994151 0.8278508771929824 0.004568713450292397 0.8196271929824561 0 0.912828947368421
0 0 0.9841008771929824 0.0009137426900584795 0.9978070175438597 0.011878654970760233 0.9964364035087719 0.03929093567251462 0.825109649122807 0.029239766081871343 0.8182565789473685 0 0.9841008771929824
0 0.02101608187134503 0.9978070175438597 0.031067251461988302 0.9964364035087719 0.06122076023391813 0.8374451754385965 0.05391081871345029 0.8333333333333334 0.02101608187134503 0.9978070175438597
0 0.03929093567251462 0.9841008771929824 0.05665204678362573 0.9936951754385965 0.07949561403508772 0.8525219298245614 0.07035818713450293 0.8511513157894737 0.03929093567251462 0.9841008771929824
0 0.09320175438596491 0.8278508771929824 0.06304824561403509 1 0.07858187134502924 0.9978070175438597 0.10782163742690058 0.8292214912280702 0.09320175438596491 0.8278508771929824
0 0.08680555555555555 0.9978070175438597 0.09868421052631579 0.9991776315789473 0.11330409356725146 0.9320175438596491 0.10416666666666667 0.9279057017543859 0.08680555555555555 0.9978070175438597
0 0.11056286549707603 0.9978070175438597 0.1206140350877193 0.9991776315789473 0.13157894736842105 0.9484649122807017 0.12244152046783625 0.9470942982456141 0.11056286549707603 0.9978070175438597
0 0.13157894736842105 0.9978070175438597 0.14437134502923976 0.9978070175438597 0.1525950292397661 0.9498355263157895 0.14345760233918128 0.9470942982456141 0.13157894736842105 0.9978070175438597
0 0.16721491228070176 1 0.17452485380116958 0.9512061403508771 0.16355994152046785 0.9498355263157895 0.1516812865497076 1 0.16721491228070176 1
0 0.20924707602339182 0.8908991228070176 0.20010964912280702 0.8854166666666666 0.1827485380116959 0.9991776315789473 0.19188596491228072 0.9950657894736842 0.20924707602339182 0.8908991228070176
0 0.22934941520467836 0.8977521929824561 0.21929824561403508 0.8950109649122807 0.2046783625730994 0.9936951754385965 0.21107456140350878 0.9936951754385965 0.22934941520467836 0.8977521929824561
0 0.2503654970760234 0.8895285087719298 0.24031432748538012 0.8895285087719298 0.22295321637426901 0.9978070175438597 0.23117690058479531 0.9950657894736842 0.2503654970760234 0.8895285087719298
0 0.26955409356725146 0.8991228070175439 0.25858918128654973 0.903234649122807 0.24945175438596492 0.9854714912280702 0.2576754385964912 0.981359649122807 0.26955409356725146 0.8991228070175439
0 0.27725434539473687 0.9777572028508772 0.2760377319078947 0.9964626354166667 0.2850877192982456 0.9991776315789473 0.2987938596491228 1 0.3051900584795322 0.9402412280701754 0.2951388888888889 0.9361293859649122 0.27725434539473687 0.9777572028508772
0 0.266812865497076 0.9936951754385965 0.2699965752923977 0.994650288377193 0.27725434539473687 0.9777572028508772 0.27960526315789475 0.9416118421052632 0.2722953216374269 0.9484649122807017 0.266812865497076 0.9936951754385965
0 0.3207236842105263 0.9758771929824561 0.3125 0.9758771929824561 0.30975877192982454 0.9964364035087719 0.3170687134502924 0.9978070175438597 0.3207236842105263 0.9758771929824561
0 0.34265350877192985 0.9635416666666666 0.3307748538011696 0.9594298245614035 0.32803362573099415 0.9964364035087719 0.3371710526315789 0.9964364035087719 0.34265350877192985 0.9635416666666666
0 0.36275584795321636 0.9525767543859649 0.3517909356725146 0.9470942982456141 0.34904970760233917 0.9936951754385965 0.35910087719298245 0.9936951754385965 0.36275584795321636 0.9525767543859649
0 0.3846856725146199 0.9512061403508771 0.3782894736842105 0.9457236842105263 0.3682383040935672 0.9950657894736842 0.38103070175438597 0.9964364035087719 0.3846856725146199 0.9512061403508771
0 0.3883406432748538 0.9964364035087719 0.3965643274853801 0.9978070175438597 0.40478801169590645 0.9512061403508771 0.3965643274853801 0.9470942982456141 0.3883406432748538 0.9964364035087719
0 0.40478801169590645 0.9950657894736842 0.41849415204678364 0.9950657894736842 0.42580409356725146 0.9608004385964912 0.4166666666666667 0.9580592105263158 0.40478801169590645 0.9950657894736842
0 0.09777046783625731 0.005482456140350877 0.0849780701754386 0.0027412280701754384 0.001827485380116959 0.46463815789473684 0.0027412280701754384 0.5180921052631579 0.09777046783625731 0.005482456140350877
0 0.05299707602339181 0.0424890350877193 0 0.31935307017543857 0.001827485380116959 0.38377192982456143 0.06578947368421052 0.046600877192982455 0.05299707602339181 0.0424890350877193
0 0.05299707602339181 0.008223684210526315 0.04294590643274854 0.0027412280701754384 0.0027412280701754384 0.17817982456140352 0.001827485380116959 0.25356359649122806 0.014619883040935672 0.19599780701754385 0.05299707602339181 0.008223684210526315
0 0.01918859649122807 0.0027412280701754384 0 0.07949561403508772 0.001827485380116959 0.13020833333333334 0.031067251461988302 0.0027412280701754384 0.01918859649122807 0.0027412280701754384